1376587921.0980000496;40.436837516670003367;-79.998478866669998411;0.0
1376587922.0989999771;40.436837500000002876;-79.998478899999994951;0.0
1376587923.0989999771;40.436837599999996939;-79.998478916669995442;0.0
1376587924.0989999771;40.436837933329996986;-79.998478599999998551;0.0
1376587925.0989999771;40.436843600000003107;-79.998474849999993808;0.0
1376587926.0989999771;40.436859550000001207;-79.998464466670000661;0.0
1376587927.0989999771;40.436883450000003393;-79.998449983330004898;0.0
1376587928.0989999771;40.436910016669997958;-79.998433783330000324;0.0
1376587929.0989999771;40.436935833329997081;-79.998418883330003837;0.0
1376587930.0999999046;40.436959016670002143;-79.99840485000000001;0.0
1376587931.0999999046;40.436979100000002063;-79.998392100000003779;0.0
1376587932.0999999046;40.436997300000001587;-79.998381850000001236;0.0
1376587933.0999999046;40.437013800000002561;-79.998372700000004443;0.0
1376587934.0999999046;40.437027100000001667;-79.998365083330000402;0.0
1376587935.0999999046;40.437037783329998319;-79.998359316670004659;0.0
1376587936.0999999046;40.437046533329997544;-79.998355016670004147;0.0
1376587937.0999999046;40.437051766670002451;-79.998351533329994822;0.0
1376587938.0999999046;40.437055649999997797;-79.998349033330001134;0.0
1376587939.1010000706;40.437058016670000882;-79.998347550000005413;0.0
1376587940.1010000706;40.437059266669997726;-79.998346766669996555;0.0
1376587941.1010000706;40.437061550000002796;-79.998346166670003754;0.0
1376587942.1010000706;40.437062033330001043;-79.998345783329995129;0.0
1376587943.1010000706;40.4370627666700031;-79.998345383330004665;0.0
1376587944.1010000706;40.437063549999997747;-79.998344883330005928;0.0
1376587945.1010000706;40.43706393333000193;-79.998344683330003591;0.0
1376587946.1019999981;40.437063983329998962;-79.998344733330000622;0.0
1376587947.1019999981;40.437064100000000622;-79.998344783329997654;0.0
1376587948.1019999981;40.437065116669998588;-79.998344483330001253;0.0
1376587949.1019999981;40.437069066669998563;-79.998342833329999735;0.0
1376587950.1019999981;40.437076116669999237;-79.998339650000005463;0.0
1376587951.1019999981;40.437084333329998742;-79.998335966669998243;0.0
1376587952.1019999981;40.437093516669996518;-79.998332416669995837;0.0
1376587953.1019999981;40.437105116669997074;-79.998329483329996492;0.0
1376587954.1029999256;40.437122199999997463;-79.998332383329994855;0.0
1376587955.1029999256;40.437143599999998855;-79.998351099999993608;0.0
1376587956.1029999256;40.437164400000000342;-79.998389316669999971;0.0
1376587957.1029999256;40.437185300000002997;-79.998440299999998615;0.0
1376587958.1029999256;40.43720841667000343;-79.998499800000004711;0.0
1376587959.1029999256;40.43723384999999837;-79.998565066669996781;0.0
1376587960.1029999256;40.437261149999997656;-79.998632049999997662;0.0
1376587961.1029999256;40.437288116669996896;-79.998702733330006254;0.0
1376587962.1029999256;40.437316000000002703;-79.998778333329994439;0.0
1376587963.1040000916;40.437345366670001567;-79.998857566669997254;0.0
1376587964.1040000916;40.437376166669999122;-79.998938400000000115;0.0
1376587965.1040000916;40.437407100000001492;-79.999020299999997974;0.0
1376587966.1040000916;40.437438033329996756;-79.999102766670006304;0.0
1376587967.1040000916;40.437464766669997118;-79.999191650000000209;0.0
1376587968.1040000916;40.437493000000003462;-79.999279183330003207;0.0
1376587969.1040000916;40.43752356667000214;-79.999365800000006743;0.0
1376587970.1040000916;40.437555449999997847;-79.999452816670000743;0.0
1376587971.1040000916;40.437597033330000329;-79.999528016669998465;0.0
1376587972.1040000916;40.437629733329998771;-79.999596583330003341;0.0
1376587973.1040000916;40.437656666670001471;-79.999656250000001023;0.0
1376587974.1040000916;40.437678066670002863;-79.999711783329999548;0.0
1376587975.1040000916;40.437697633329996449;-79.999761233330005439;0.0
1376587976.1040000916;40.437714683330000298;-79.999803866670006869;0.0
1376587977.1040000916;40.437728483329998141;-79.999837883330002342;0.0
1376587978.1040000916;40.437738833330001853;-79.999862899999996557;0.0
1376587979.1040000916;40.43774270000000115;-79.999882366669993417;0.0
1376587980.1050000191;40.437745283330002621;-79.999893816669995772;0.0
1376587981.1050000191;40.437745849999998882;-79.999897133329994858;0.0
1376587982.1050000191;40.437745333329999653;-79.999897016670004746;0.0
1376587983.1050000191;40.437745183330001453;-79.999897016670004746;0.0
1376587984.1050000191;40.437745133329997316;-79.999897083329997827;0.0
1376587985.1050000191;40.437744850000001406;-79.999897216670007083;0.0
1376587986.1050000191;40.437744649999999069;-79.999897200000006592;0.0
1376587987.1050000191;40.437744333330002178;-79.999897266670004115;0.0
1376587988.1050000191;40.437743933329997503;-79.999897333329997196;0.0
1376587989.1050000191;40.437743849999996826;-79.999897233330003132;0.0
1376587990.1050000191;40.437743866669997317;-79.999897133329994858;0.0
1376587991.1050000191;40.437743650000001594;-79.999897033330000795;0.0
1376587992.1050000191;40.437743433329998766;-79.999897033330000795;0.0
1376587993.1059999466;40.437755500000001518;-79.999888416670003721;0.0
1376587994.1059999466;40.437763083329997471;-79.999882833330005383;0.0
1376587995.1059999466;40.437767899999997212;-79.999879250000006436;0.0
1376587996.1059999466;40.437770966670001371;-79.999877116670006671;0.0
1376587997.1059999466;40.437773083330000645;-79.999875566669999216;0.0
1376587998.1059999466;40.437774633330000995;-79.999874383329995453;0.0
1376587999.1059999466;40.437775716669996484;-79.999873516669993023;0.0
1376588000.1059999466;40.437776650000003542;-79.999872749999994426;0.0
1376588001.1070001125;40.437777549999999849;-79.999872083330004102;0.0
1376588002.1070001125;40.437778283329997464;-79.999871616670006347;0.0
1376588003.1070001125;40.437778749999999661;-79.999871299999995244;0.0
1376588004.1070001125;40.437779200000001367;-79.99987088333000429;0.0
1376588005.1070001125;40.437765483329997096;-79.999880616669997835;0.0
1376588006.1070001125;40.437756700000001331;-79.999886883330006526;0.0
1376588007.1070001125;40.437751083329999346;-79.999890983330004701;0.0
1376588008.1070001125;40.437762333329999365;-79.99988558332999844;0.0
1376588009.1070001125;40.437772299999998893;-79.999889883329998952;0.0
1376588010.1080000401;40.437768949999998824;-79.999914700000005041;0.0
1376588011.1080000401;40.43777208333000317;-79.999944099999993341;0.0
1376588012.1080000401;40.437778816669997184;-79.999976266670003611;0.0
1376588013.1080000401;40.437788066670002252;-80.000009966670006634;0.0
1376588014.1080000401;40.437798316669997689;-80.00004183333000185;0.0
1376588015.1080000401;40.43780766666999682;-80.000067266670001231;0.0
1376588016.1080000401;40.437816316670001981;-80.000086733329993649;0.0
1376588017.1080000401;40.437827149999996834;-80.000102866670005142;0.0
1376588018.1080000401;40.437842400000000964;-80.000114249999995764;0.0
1376588019.1080000401;40.437864249999996957;-80.000117166669994617;0.0
1376588020.1080000401;40.437892933329997902;-80.000106683330002966;0.0
1376588021.1019999981;40.437926983330001462;-80.000085416670003724;0.0
1376588027.1019999981;40.438213383330001705;-79.999906150000001048;0.0
1376588028.1019999981;40.438269383330002427;-79.999871549999994613;0.0
1376588043.0910000801;40.439057750000003466;-79.999342933329998573;0.0
1376588045.0910000801;40.439108616669997787;-79.999306866669996907;0.0
1376588046.0920000076;40.439124016670000117;-79.999295733330001212;0.0
1376588047.0920000076;40.439134383329999878;-79.999288533330002338;0.0
1376588048.0920000076;40.439141216670002166;-79.999284566669999208;0.0
1376588049.0920000076;40.439142883329999734;-79.999283599999998273;0.0
1376588050.0920000076;40.4391436000000013;-79.999281716669997877;0.0
1376588051.0920000076;40.439144100000000037;-79.999279933330001313;0.0
1376588052.0920000076;40.43914416666999756;-79.99927898333000087;0.0
1376588053.0920000076;40.439144066670003497;-79.999278483330002132;0.0
1376588054.0920000076;40.439143950000001837;-79.999278133329994489;0.0
1376588055.0920000076;40.439143816669997022;-79.99927784999999858;0.0
1376588056.0920000076;40.439143850000000668;-79.999277516670005639;0.0
1376588057.0920000076;40.439143916669998191;-79.999277433329993414;0.0
1376588058.0920000076;40.439143850000000668;-79.999277483330004657;0.0
1376588059.0920000076;40.439143883329997209;-79.999277533330001688;0.0
1376588060.0929999352;40.4391438999999977;-79.999277750000004517;0.0
1376588061.0929999352;40.439143950000001837;-79.999277966669993134;0.0
1376588062.0929999352;40.439144200000001206;-79.999278316670000777;0.0
1376588063.0929999352;40.439144433330000084;-79.999278549999999655;0.0
1376588064.0929999352;40.439144533330001252;-79.999278366669997808;0.0
1376588065.0929999352;40.439144499999997606;-79.999278300000000286;0.0
1376588066.0929999352;40.439144300000002374;-79.999278366669997808;0.0
1376588067.0929999352;40.439144100000000037;-79.999278266670003745;0.0
1376588068.0929999352;40.439143816669997022;-79.999278283329999795;0.0
1376588069.0929999352;40.439143766669999991;-79.999278216670006714;0.0
1376588070.0929999352;40.439143883329997209;-79.999278016670004376;0.0
1376588071.0929999352;40.439143866670001159;-79.999277783330001057;0.0
1376588072.0929999352;40.439143916669998191;-79.99927758332999872;0.0
1376588073.0929999352;40.439143916669998191;-79.999277483330004657;0.0
1376588074.0929999352;40.439143866670001159;-79.999277633329995751;0.0
1376588075.0940001011;40.439143799999996531;-79.999277899999995611;0.0
1376588076.0940001011;40.439143716670002959;-79.999278250000003254;0.0
1376588077.0940001011;40.439143566669997654;-79.999278716670005451;0.0
1376588078.0940001011;40.439143416669999453;-79.999279049999998392;0.0
1376588079.0940001011;40.439143566669997654;-79.999279166669992946;0.0
1376588080.0940001011;40.439147349999998937;-79.999276516669993953;0.0
1376588081.0940001011;40.43915774999999968;-79.999269883330001107;0.0
1376588082.0940001011;40.439175650000002804;-79.999257366669993985;0.0
1376588083.0940001011;40.439219983329998342;-79.999185283329993013;0.0
1376588084.0940001011;40.439237300000002051;-79.999188050000000771;0.0
1376588085.0940001011;40.439255783329997485;-79.999185900000000515;0.0
1376588086.0940001011;40.439273966670000959;-79.999180249999994885;0.0
1376588087.0940001011;40.43929080000000198;-79.999170399999997016;0.0
1376588088.0940001011;40.439305633330000944;-79.999155266670001652;0.0
1376588089.0940001011;40.43932230000000061;-79.999136633329996471;0.0
1376588090.0940001011;40.439346733329998074;-79.999115966670004241;0.0
1376588091.0950000286;40.439380900000003294;-79.999096316670005535;0.0
1376588092.0950000286;40.439421299999999349;-79.999080883329995117;0.0
1376588140.0950000286;40.440587583330000143;-79.998285066669993171;0.0
1376588141.0950000286;40.440587966670001663;-79.998286233330006212;0.0
1376588142.0950000286;40.440587883329996544;-79.998286816670002963;0.0
1376588143.0950000286;40.440587483329998975;-79.998287399999995273;0.0
1376588144.0950000286;40.440572400000000641;-79.998273716669999089;0.0
1376588145.0950000286;40.44055879999999803;-79.998261283329995308;0.0
1376588146.0950000286;40.440514966670001229;-79.998221183330002759;0.0
1376588147.0940001011;40.440487466669999606;-79.998196866669999849;0.0
1376588148.0940001011;40.440469583329999637;-79.998181116669996982;0.0
1376588149.0940001011;40.440457733329999712;-79.998171949999999697;0.0
1376588150.0940001011;40.440450083329999131;-79.998166733329995282;0.0
1376588151.0940001011;40.440445466669999064;-79.998163316670002132;0.0
1376588152.0940001011;40.44044240000000201;-79.998161100000004353;0.0
1376588153.0940001011;40.440440216669998108;-79.998159733329998744;0.0
1376588154.0940001011;40.440438733329997945;-79.998158799999998791;0.0
1376588155.0940001011;40.440437666670000283;-79.998158016670004145;0.0
1376588156.0940001011;40.440436916670002176;-79.998157116670000732;0.0
1376588157.0940001011;40.44043956667000117;-79.998153816669997695;0.0
1376588158.0940001011;40.440452433330001725;-79.998144016669996859;0.0
1376588159.0940001011;40.440476816669999494;-79.998126883330002102;0.0
1376588161.0940001011;40.440549300000000699;-79.998073366669999018;0.0
1376588162.0940001011;40.440594566670000631;-79.998037483329994757;0.0
1376588163.0940001011;40.440641533330001778;-79.998001299999998537;0.0
1376588164.0940001011;40.440685500000000729;-79.997969783330006521;0.0
1376588165.0950000286;40.440726699999999028;-79.997942266669994638;0.0
1376588191.0950000286;40.441097816670001919;-79.997219733329998803;0.0
1376588192.0950000286;40.441185633330000826;-79.997256766670005845;0.0
1376588193.0950000286;40.441204033330002687;-79.997259983329996658;0.0
1376588194.0950000286;40.441222449999997934;-79.997211466669995161;0.0
1376588195.0950000286;40.441232583329998818;-79.997165683329996;0.0
1376588196.0950000286;40.44123700000000099;-79.997115516669992985;0.0
1376588197.0950000286;40.4412698000000006;-79.997019233329993426;0.0
1376588198.0950000286;40.441288216670002953;-79.996947316670002692;0.0
1376588199.0950000286;40.441297083329999396;-79.99689499999999498;0.0
1376588200.0950000286;40.441302249999999674;-79.996854650000003062;0.0
1376588201.0950000286;40.441302450000002011;-79.996828300000004219;0.0
1376588202.0950000286;40.441299100000001943;-79.996804033329993899;0.0
1376588203.0959999561;40.441265983329998335;-79.996860449999999787;0.0
1376588204.0959999561;40.441251083330001848;-79.996867433329995833;0.0
1376588205.0959999561;40.441238983330002554;-79.996855116670005259;0.0
1376588206.0959999561;40.441232100000000571;-79.996822050000005788;0.0
1376588207.0959999561;40.441199249999996823;-79.996861066669993079;0.0
1376588208.0959999561;40.441176316670002677;-79.996874166669996953;0.0
1376588210.0959999561;40.441151550000000725;-79.996826816669994287;0.0
1376588213.0959999561;40.441096433330002924;-79.996666399999995178;0.0
1376588215.0959999561;40.441054583330000582;-79.996562416670002449;0.0
1376588216.0959999561;40.441039866670003278;-79.99650621666999939;0.0
1376588217.0959999561;40.441037383329998534;-79.996454566669996211;0.0
1376588330.0959999561;40.439754283329996554;-79.997386033330002419;0.0
1376588331.0959999561;40.439760100000000875;-79.997394116669994446;0.0
1376588334.0959999561;40.439776766670000541;-79.997405999999998016;0.0
1376588335.0959999561;40.439780499999997687;-79.997409450000006359;0.0
1376588336.0959999561;40.439780383330003133;-79.997413266669994414;0.0
1376588337.0959999561;40.439777333329999465;-79.997415983330000699;0.0
1376588338.0969998837;40.43976843333000204;-79.997420983330002286;0.0
1376588339.0969998837;40.439763133329996947;-79.997424300000005815;0.0
1376588340.0969998837;40.439758949999998094;-79.997426899999993566;0.0
1376588341.0969998837;40.43975643332999681;-79.997428483329997562;0.0
1376588342.0969998837;40.439755933329998072;-79.997428883330002236;0.0
1376588343.0969998837;40.439755966669999054;-79.99742899999999679;0.0
1376588344.0969998837;40.439756883329998516;-79.99742870000000039;0.0
1376588345.0969998837;40.439758416670002816;-79.997428033329995856;0.0
1376588346.0969998837;40.439760233329998584;-79.997427133330006654;0.0
1376588347.0969998837;40.439761933329997134;-79.997426349999997797;0.0
1376588348.0969998837;40.43976419999999905;-79.997425283330002799;0.0
1376588349.0969998837;40.439767250000002718;-79.997423816669993357;0.0
1376588350.0969998837;40.439770299999999281;-79.997422533329995531;0.0
1376588351.0969998837;40.439776083330002621;-79.997426066670001887;0.0
1376588352.0969998837;40.439778666670001428;-79.997443233330002954;0.0
1376588353.0969998837;40.439785000000000537;-79.997469033330006027;0.0
1376588354.0969998837;40.439797499999997399;-79.997500400000006948;0.0
1376588355.0969998837;40.439809900000000198;-79.997540716670002325;0.0
1376588356.0969998837;40.439831816670000819;-79.997587033330006534;0.0
1376588364.0969998837;40.439923766669998884;-79.998189499999995178;0.0
1376588365.0940001011;40.439945833330000369;-79.998247399999996787;0.0
1376588366.0889999866;40.439964533329998631;-79.998295933329998775;0.0
1376588367.0889999866;40.439980783330000236;-79.998336416669999949;0.0
1376588368.0889999866;40.439993783330002941;-79.99836611666999886;0.0
1376588369.0889999866;40.440010516670000129;-79.998386533330005932;0.0
1376588370.0889999866;40.440027466670002809;-79.998404100000001904;0.0
1376588371.0889999866;40.440039200000001074;-79.99842150000000629;0.0
1376588372.0889999866;40.440051199999999199;-79.998440133330007029;0.0
1376588373.0880000591;40.440061466670002233;-79.998461033330002579;0.0
1376588374.0880000591;40.440072183330002531;-79.998481066669995698;0.0
1376588375.0880000591;40.440083566669997595;-79.998496233330001814;0.0
1376588376.0880000591;40.440091283329998362;-79.998504266669996809;0.0
1376588377.0859999657;40.440095249999998828;-79.998505016669994916;0.0
1376588378.0859999657;40.440125516670001105;-79.998487549999993007;0.0
1376588379.0859999657;40.440145116670002778;-79.998476550000006569;0.0
1376588380.0859999657;40.440156399999999337;-79.998470216670000354;0.0
1376588381.0859999657;40.440162800000003074;-79.998466633329996966;0.0
1376588382.0859999657;40.440166400000002511;-79.998464650000002507;0.0
1376588383.0859999657;40.440168383329996971;-79.998463549999996758;0.0
1376588384.0869998932;40.440169349999997905;-79.998463150000006294;0.0
1376588385.0869998932;40.440170133329999658;-79.998462933330003466;0.0
1376588386.0869998932;40.440170999999999424;-79.998462516670002742;0.0
1376588387.0869998932;40.440170816669997578;-79.998462533329998791;0.0
1376588388.0869998932;40.440170433330003164;-79.998462849999995683;0.0
1376588389.0869998932;40.440170150000000149;-79.998463283329996898;0.0
1376588390.0869998932;40.44017001667000244;-79.998463533329996267;0.0
1376588391.0869998932;40.440169500000003211;-79.998463833330006878;0.0
1376588392.0869998932;40.440168333329999939;-79.998464416670003629;0.0
1376588393.0869998932;40.440167916669999215;-79.998464766669997061;0.0
1376588394.0869998932;40.440168683330000476;-79.998464499999997201;0.0
1376588395.0869998932;40.440168733329997508;-79.998464549999994233;0.0
1376588396.0880000591;40.440168383329996971;-79.998464799999993602;0.0
1376588397.0880000591;40.440168483329998139;-79.998464699999999539;0.0
1376588398.0880000591;40.440169050000001505;-79.998464566669994724;0.0
1376588399.0880000591;40.440169183329999214;-79.998464699999999539;0.0
1376588400.0880000591;40.440168833329998677;-79.998465049999992971;0.0
1376588401.0880000591;40.440169400000002042;-79.998464883330001385;0.0
1376588402.0880000591;40.440169949999997812;-79.998464499999997201;0.0
1376588403.0880000591;40.44017145000000113;-79.998470150000002832;0.0
1376588404.0880000591;40.440175433329997645;-79.99848623332999864;0.0
1376588405.0880000591;40.440182366670001102;-79.998503799999994612;0.0
1376588406.0880000591;40.440188383330003319;-79.998516383329999258;0.0
1376588407.0880000591;40.440192316670000139;-79.998524483330001544;0.0
1376588408.0880000591;40.440195649999999716;-79.998528283330003319;0.0
1376588409.0889999866;40.440196366670001282;-79.998529066670002408;0.0
1376588410.0889999866;40.439774633330003439;-79.998705549999996833;0.0
1376588411.0889999866;40.439733516670003155;-79.998731199999994601;0.0
1376588412.0889999866;40.439681849999999486;-79.998762283329995171;0.0
1376588413.0889999866;40.43966843332999872;-79.998775783330003719;0.0
1376588414.0889999866;40.439670566670002927;-79.998777933330003975;0.0
1376588415.0889999866;40.439676800000000867;-79.998768633330001876;0.0
1376588451.0889999866;40.440924099999996599;-79.99828786666999747;0.0
1376588452.0889999866;40.440975350000002209;-79.998253649999995218;0.0
1376588537.0889999866;40.44099065000000337;-80.000411299999996118;0.0
1376588538.0889999866;40.440965183330000343;-80.000442000000006715;0.0
1376588540.0889999866;40.440922916669997278;-80.000485716669999192;0.0
1376588541.0889999866;40.440910899999998662;-80.0005110999999971;0.0
1376588542.0889999866;40.44090349999999745;-80.000542949999996267;0.0
1376588543.0889999866;40.440910799999997494;-80.000584133329994074;0.0
1376588544.0899999142;40.440926033330001133;-80.000632733329993584;0.0
1376588545.0899999142;40.440938583330002132;-80.000689116670002932;0.0
1376588546.0899999142;40.440955116669996983;-80.000750266669996336;0.0
1376588547.0899999142;40.440964116670002682;-80.000811716670000351;0.0
1376588548.0899999142;40.440974416670002256;-80.000873600000005581;0.0
1376588550.0899999142;40.440797933330003389;-80.001041283329996645;0.0
1376588566.0899999142;40.441371733330001348;-80.00225851666999688;0.0
1376588567.0899999142;40.441398966670000448;-80.002334399999995185;0.0
1376588571.0899999142;40.441537099999997906;-80.002515883330005408;0.0
1376588572.0850000381;40.441568216669999458;-80.002532166669993785;0.0
1376588574.0850000381;40.441578149999998004;-80.002541283330003807;0.0
1376588575.0850000381;40.441579483330002631;-80.002536416669997266;0.0
1376588576.0850000381;40.441578983329996788;-80.002530216669995866;0.0
1376588577.0850000381;40.441578733329997419;-80.002524933329993928;0.0
1376588578.0850000381;40.441578550000002679;-80.002520266670003934;0.0
1376588579.0850000381;40.441578483329998051;-80.002515766670001085;0.0
1376588580.0859999657;40.441578316669996696;-80.002511566669994636;0.0
1376588581.0859999657;40.441577783329996976;-80.002507833330000153;0.0
1376588582.0859999657;40.441577266670002189;-80.002504516670001067;0.0
1376588583.0859999657;40.441576833329996532;-80.002501733330007028;0.0
1376588584.0859999657;40.441575166669998964;-80.002492016670004205;0.0
1376588585.0859999657;40.44157406667000032;-80.002485849999999346;0.0
1376588586.0859999657;40.441573116669999877;-80.002482133330005354;0.0
1376588587.0859999657;40.441572183330002588;-80.00248001667000608;0.0
1376588588.0859999657;40.441571600000003173;-80.002478949999996871;0.0
1376588589.0869998932;40.441572266670000602;-80.002477416670004118;0.0
1376588590.0869998932;40.441573083329998894;-80.002476483329999724;0.0
1376588591.0869998932;40.441573783329999969;-80.002475849999996171;0.0
1376588592.0869998932;40.441574350000003335;-80.002475333329996943;0.0
1376588593.0869998932;40.441574883329998613;-80.002475000000004002;0.0
1376588594.0869998932;40.44157546667000247;-80.002474800000001665;0.0
1376588595.0869998932;40.441576066670002376;-80.002474533330001805;0.0
1376588596.0869998932;40.441576616669998145;-80.002474083330000099;0.0
1376588597.0880000591;40.441576866669997514;-80.002473600000001852;0.0
1376588598.0880000591;40.441577033329998869;-80.002473016669995332;0.0
1376588599.0880000591;40.441577150000000529;-80.002472299999993766;0.0
1376588600.0880000591;40.44157716667000102;-80.002471683330000474;0.0
1376588601.0880000591;40.44157716667000102;-80.002471133330004704;0.0
1376588602.0880000591;40.44157508333000095;-80.002473683329995424;0.0
1376588603.0880000591;40.441573599999998123;-80.002475316670000893;0.0
1376588604.0880000591;40.441572399999998311;-80.002476349999994909;0.0
1376588605.0880000591;40.441571500000002004;-80.002477049999995984;0.0
1376588606.0889999866;40.441570749999996792;-80.002477549999994721;0.0
1376588607.0889999866;40.441570216670001514;-80.002477883330001873;0.0
1376588608.0889999866;40.441569700000002285;-80.002477999999996428;0.0
1376588609.0889999866;40.441569166669999902;-80.00247806666999395;0.0
1376588610.0889999866;40.441568766670002333;-80.002478199999998765;0.0
1376588611.0889999866;40.441573066670002845;-80.002477883330001873;0.0
1376588612.0889999866;40.441584483329997113;-80.002485066670004699;0.0
1376588613.0889999866;40.44160556666999895;-80.002494933329998617;0.0
1376588614.0889999866;40.441633850000002326;-80.002498883330005697;0.0
1376588615.0899999142;40.44166531666999731;-80.002492616669997005;0.0
1376588616.0899999142;40.441696800000002554;-80.002470200000004752;0.0
1376588617.0899999142;40.441724899999996978;-80.002433483329994601;0.0
1376588618.0899999142;40.441754483330001335;-80.002389116670002522;0.0
1376588619.0899999142;40.44177281667000301;-80.002323033330000612;0.0
1376588620.0899999142;40.44178218332999819;-80.002255466669993211;0.0
1376588621.0899999142;40.441786399999998025;-80.002198766670005625;0.0
1376588622.0899999142;40.441792633330003071;-80.002149549999998612;0.0
1376588623.0899999142;40.441800016670001128;-80.002103566670001555;0.0
1376588624.0899999142;40.441806833329998483;-80.002065966670002695;0.0
1376588625.0899999142;40.441814149999999017;-80.002038516669998103;0.0
1376588626.0899999142;40.441820249999999248;-80.00201813332999734;0.0
1376588627.0910000801;40.441823533330001794;-80.0020085000000023;0.0
1376588628.0910000801;40.441821866669997121;-80.00200370000000305;0.0
1376588629.0910000801;40.441825749999999573;-80.001997433330004128;0.0
1376588630.0910000801;40.441829016669998964;-80.001992216670004154;0.0
1376588631.0910000801;40.441829849999997748;-80.001996250000004807;0.0
1376588632.0910000801;40.441830449999997654;-80.002000266669995199;0.0
1376588633.0910000801;40.441832050000002141;-80.001999883330000785;0.0
1376588634.0910000801;40.441835183329999381;-80.001996550000001207;0.0
1376588635.0910000801;40.44183766666999702;-80.001989649999998733;0.0
1376588636.0910000801;40.441839166670000338;-80.001987833330005628;0.0
1376588637.0920000076;40.441839500000000385;-80.001989866670001561;0.0
1376588638.0920000076;40.441839250000001016;-80.001991033330000391;0.0
1376588639.0920000076;40.441838766670002769;-80.001991500000002588;0.0
1376588640.0920000076;40.44183838333000125;-80.001991716670005417;0.0
1376588641.0920000076;40.441837933329999544;-80.001991866669996512;0.0
1376588642.0920000076;40.441838050000001203;-80.001987999999997214;0.0
1376588643.0920000076;40.441847049999999797;-80.00197006666999755;0.0
1376588644.0920000076;40.441850533329997575;-80.001941916670006094;0.0
1376588645.0920000076;40.441845950000001153;-80.001909383330001901;0.0
1376588646.0920000076;40.441831783330002281;-80.001881449999999063;0.0
1376588647.0929999352;40.441807666670001709;-80.001867033330000822;0.0
1376588648.0929999352;40.441779716669998379;-80.00186750000000302;0.0
1376588649.0929999352;40.441747583329998861;-80.00187881667000056;0.0
1376588650.0929999352;40.441718950000002053;-80.001887249999995788;0.0
1376588663.0929999352;40.44144553332999692;-80.001994550000006257;0.0
1376588667.0929999352;40.441470283329998381;-80.002192133329998569;0.0
1376588668.0929999352;40.441487549999997952;-80.002273916670006315;0.0
1376588669.0929999352;40.44150443333000311;-80.002331833330003974;0.0
1376588671.0929999352;40.441540266670003234;-80.002403766669999641;0.0
1376588672.0929999352;40.441551300000000424;-80.002424466670007064;0.0
1376588673.0929999352;40.441558083330001239;-80.002452833329996906;0.0
1376588674.0929999352;40.441562550000000442;-80.002462866670001063;0.0
1376588675.0929999352;40.441563150000000348;-80.002467749999993885;0.0
1376588676.0929999352;40.441563549999997917;-80.00247103332999643;0.0
1376588677.0940001011;40.441563683330002732;-80.002473083330002623;0.0
1376588678.0940001011;40.441563783329996795;-80.002474516670005755;0.0
1376588679.0940001011;40.441564016670000115;-80.002475633329993343;0.0
1376588680.0940001011;40.441567650000003198;-80.002479666669998437;0.0
1376588681.0940001011;40.441569766669999808;-80.002481633330006616;0.0
1376588682.0940001011;40.441582566670000176;-80.002491149999997333;0.0
1376588683.0940001011;40.44160983332999848;-80.002502033330003428;0.0
1376588684.0940001011;40.441644783329998347;-80.002501116670003967;0.0
1376588685.0940001011;40.441679083330001276;-80.002484416670000655;0.0
1376588686.0880000591;40.441708866669998201;-80.002447783329998288;0.0
1376588687.0880000591;40.441733533330001649;-80.002401866669998753;0.0
1376588688.0880000591;40.441751716669998018;-80.002354666670001393;0.0
1376588689.0889999866;40.44175911666999923;-80.002291900000003011;0.0
1376588690.0889999866;40.441770983330002309;-80.002236016669996843;0.0
1376588691.0889999866;40.441794583330000989;-80.002199533329999781;0.0
1376588692.0889999866;40.441809966670000165;-80.002168600000004517;0.0
1376588693.0889999866;40.441819299999998805;-80.002147266669993542;0.0
1376588694.0889999866;40.441823566670002776;-80.002135316670006659;0.0
1376588695.0889999866;40.441826650000002985;-80.0021322500000025;0.0
1376588696.0889999866;40.441827899999999829;-80.002131833329997335;0.0
1376588697.0889999866;40.4418303333300031;-80.002132266670002991;0.0
1376588698.0899999142;40.441832266669997864;-80.002131083329999228;0.0
1376588699.0899999142;40.441833299999998985;-80.002132066670000654;0.0
1376588700.0899999142;40.441833899999998891;-80.002133816669996236;0.0
1376588701.0899999142;40.441834249999999429;-80.0021350500000068;0.0
1376588702.0899999142;40.441834516669999289;-80.00213591666999946;0.0
1376588703.0910000801;40.441834683330000644;-80.002136449999994738;0.0
1376588704.0910000801;40.441834649999996998;-80.002136883329995953;0.0
1376588705.0910000801;40.441834499999998798;-80.002137166669996304;0.0
1376588706.0910000801;40.441834450000001766;-80.002137300000001119;0.0
1376588707.0910000801;40.441834350000000597;-80.002137383329994691;0.0
1376588708.0910000801;40.441834350000000597;-80.002137416669995673;0.0
1376588709.0910000801;40.441834566670003426;-80.002137383329994691;0.0
1376588710.0920000076;40.441834700000001135;-80.002137450000006424;0.0
1376588711.0920000076;40.441834700000001135;-80.002137366669998642;0.0
1376588712.0920000076;40.441834933330000013;-80.00213648333000549;0.0
1376588713.0920000076;40.441836299999998516;-80.00213028333000409;0.0
1376588714.0920000076;40.441839583330001062;-80.002116749999999001;0.0
1376588715.0920000076;40.441845383329997787;-80.002095100000005345;0.0
1376588716.0929999352;40.441852183329999093;-80.002069750000003978;0.0
1376588717.0929999352;40.4418580166699968;-80.002047683330005157;0.0
1376588718.0929999352;40.441863066670002524;-80.0020279999999957;0.0
1376588719.0929999352;40.441866949999997871;-80.002009250000000407;0.0
1376588720.0929999352;40.441869216669999787;-80.001989016669995181;0.0
1376588721.0929999352;40.441869666670001493;-80.001963383329993462;0.0
1376588722.0929999352;40.441871766669997612;-80.001927399999999579;0.0
1376588723.0929999352;40.441881350000002726;-80.001883033330003059;0.0
1376588724.0929999352;40.441898299999998301;-80.001832766670005981;0.0
1376588725.0940001011;40.441917233330002546;-80.001782516670004952;0.0
1376588726.0940001011;40.441936300000001836;-80.001734883330001935;0.0
1376588727.0940001011;40.441952083330001244;-80.001684400000002029;0.0
1376588728.0940001011;40.44196421667000152;-80.001637450000004037;0.0
1376588729.0940001011;40.44197356667000065;-80.001600283330006391;0.0
1376588730.0940001011;40.441979583330002868;-80.001574166669996657;0.0
1376588731.0940001011;40.441981400000003077;-80.001561216669998089;0.0
1376588732.0940001011;40.441981483329996649;-80.001558583329995145;0.0
1376588733.0940001011;40.441981133330003217;-80.001558750000000941;0.0
1376588734.0940001011;40.441981099999999572;-80.001558233330001713;0.0
1376588735.0940001011;40.441981783330000155;-80.001553133330006062;0.0
1376588736.0940001011;40.441985549999998284;-80.001539800000003311;0.0
1376588737.0940001011;40.441992650000003096;-80.001516300000005799;0.0
1376588738.0950000286;40.442002116669996781;-80.001483383329997423;0.0
1376588739.0950000286;40.442013283329998785;-80.001441283329995713;0.0
1376588740.0950000286;40.442027066670000579;-80.001392600000002631;0.0
1376588741.0950000286;40.442047049999999331;-80.001339799999996671;0.0
1376588742.0950000286;40.442064166670000702;-80.001277766670000346;0.0
1376588743.0950000286;40.442080233330003125;-80.001210266670000237;0.0
1376588744.0950000286;40.442099066670003538;-80.001141050000001087;0.0
1376588745.0950000286;40.442117983330000186;-80.001066783330003318;0.0
1376588747.0950000286;40.442204850000003091;-80.000935783329993001;0.0
1376588767.0950000286;40.44274883333000048;-80.000620183329999691;0.0
1376588768.0950000286;40.442748450000003402;-80.000620316669994736;0.0
1376588772.0950000286;40.44286298333000218;-80.00060320000000047;0.0
1376588778.0950000286;40.442348166670001319;-80.000072766670001556;0.0
1376588783.0950000286;40.442206833329997551;-79.999723266670002886;0.0
1376588794.0950000286;40.442114416670001731;-79.999675716669997882;0.0
1376588795.0950000286;40.442114833330002455;-79.999676550000003772;0.0
1376588796.0920000076;40.442115333330001192;-79.999676949999994235;0.0
1376588797.0920000076;40.442115483329999392;-79.999677599999998279;0.0
1376588798.0920000076;40.442115600000001052;-79.999678233330001831;0.0
1376588799.0920000076;40.442116083329999299;-79.999674983329995825;0.0
1376588800.0910000801;40.44211130000000054;-79.999668866670006651;0.0
1376588801.0880000591;40.442102083329999118;-79.999653483329993264;0.0
1376588802.0880000591;40.442075649999999598;-79.999645783329995652;0.0
1376588803.0880000591;40.44203123332999894;-79.999656749999999761;0.0
1376588831.0880000591;40.441351916670001287;-80.000360000000000582;0.0
1376588839.0880000591;40.441044883330000914;-80.00116433332999577;0.0
1376588840.0880000591;40.441112549999999715;-80.001193366669994589;0.0
1376588842.0880000591;40.441128866669998843;-80.001201616670002181;0.0
1376588843.0880000591;40.441135199999997951;-80.001204533329996593;0.0
1376588844.0880000591;40.441139516669998955;-80.001206916670000169;0.0
1376588845.0880000591;40.441167733329997702;-80.001165566669996565;0.0
1376588846.0880000591;40.441257849999999507;-80.001031350000005204;0.0
1376588847.0880000591;40.441315683329996489;-80.000945916670005431;0.0
1376588848.0880000591;40.441375216669996462;-80.000859950000005938;0.0
1376588849.0880000591;40.441413766670002872;-80.000803950000005216;0.0
1376588850.0889999866;40.441377000000002795;-80.000881583329999103;0.0
1376588851.0889999866;40.441494066670003349;-80.000790483329993208;0.0
1376588852.0889999866;40.441568916670000533;-80.000731533329997092;0.0
1376588853.0889999866;40.441616816669998968;-80.000693383330002462;0.0
1376588854.0889999866;40.441505966670000305;-80.000811216670001613;0.0
1376588855.0889999866;40.441435116670000127;-80.000886516669993398;0.0
1376588856.0889999866;40.441389983329997904;-80.000934133330005693;0.0
1376588857.0889999866;40.441361499999999296;-80.000964400000000865;0.0
1376588858.0889999866;40.441403983329998084;-80.000868449999998688;0.0
1376588859.0899999142;40.441423066669997866;-80.000889099999994869;0.0
1376588874.0899999142;40.441199050000001591;-79.9999471666699975;0.0
1376588875.0869998932;40.441178333330000783;-79.999883299999993369;0.0
1376588876.0869998932;40.44115606666999696;-79.999818750000002865;0.0
1376588877.0869998932;40.441138516670001479;-79.99974656666999806;0.0
1376588879.0869998932;40.44111793332999838;-79.99956943332999515;0.0
1376588880.0880000591;40.441105550000003177;-79.999492766670002197;0.0
1376588891.0880000591;40.44074526666999958;-79.99889389999999878;0.0
1376588892.0880000591;40.440723749999996528;-79.99884106666999628;0.0
1376588893.0880000591;40.440704949999997098;-79.998795716670002776;0.0
1376588894.0880000591;40.44072649999999669;-79.998718766669995262;0.0
1376588895.0880000591;40.440736933330001079;-79.998650766669996415;0.0
1376588896.0880000591;40.440746150000002501;-79.998584783330002779;0.0
1376588902.0880000591;40.440691816669996683;-79.998102883330005852;0.0
1376588903.0880000591;40.440761283329997866;-79.998053133330003561;0.0
1376588906.0880000591;40.440915833330002727;-79.997959166670000286;0.0
1376588907.0880000591;40.440966283329998987;-79.99793643332999693;0.0
1376588908.0880000591;40.441003683330002616;-79.997918450000000234;0.0
1376588909.0889999866;40.441030833329996597;-79.997895766669998352;0.0
1376588924.0889999866;40.441077316669996833;-79.997595883330006927;0.0
1376588925.0889999866;40.441078033330001062;-79.997596299999997882;0.0
1376588926.0889999866;40.441078716669998983;-79.997596549999997251;0.0
1376588927.0889999866;40.441079033329998538;-79.997596749999999588;0.0
1376588928.0889999866;40.441079199999997229;-79.99759683332999316;0.0
1376588929.0889999866;40.441079033329998538;-79.997596749999999588;0.0
1376588933.0889999866;40.44110066667000325;-79.997581749999994827;0.0
1376588934.0889999866;40.441113716670002987;-79.997572616669998524;0.0
1376588974.0889999866;40.441493833330000029;-79.998275949999992918;0.0
1376588980.0889999866;40.441848666669997669;-79.998482216669998479;0.0
1376588981.0889999866;40.44186251666999965;-79.998520650000003229;0.0
1376588983.0889999866;40.44188683333000256;-79.998586283329998992;0.0
1376588984.0889999866;40.441895166670001061;-79.998608083329997953;0.0
1376588985.0899999142;40.441900416670002016;-79.998621266669999841;0.0
1376588986.0899999142;40.441903033330000028;-79.998628800000005867;0.0
1376588987.0899999142;40.4419012500000008;-79.998632599999993431;0.0
1376588989.0899999142;40.441896683330000428;-79.998633650000002149;0.0
1376588990.0899999142;40.441892966669996667;-79.998635449999994762;0.0
1376588991.0899999142;40.441861850000002221;-79.998660083329994563;0.0
1376588992.0899999142;40.441841583330003118;-79.998675700000006827;0.0
1376588993.0899999142;40.441828499999999735;-79.998685550000004696;0.0
1376588994.0899999142;40.441819783329997051;-79.998691983330004973;0.0
1376588995.0899999142;40.441814166669999508;-79.998695983329994874;0.0
1376588996.0899999142;40.441810483330002057;-79.998698300000000927;0.0
1376588997.0899999142;40.441807983330001264;-79.998699849999994171;0.0
1376588998.0910000801;40.441806533330002082;-79.998700733329997092;0.0
1376588999.0910000801;40.441805616670002621;-79.998701116670005717;0.0
1376589000.0910000801;40.441805083330002901;-79.998701316669993844;0.0
1376589001.0910000801;40.441805216669997947;-79.998701216669999781;0.0
1376589002.0910000801;40.44180563332999867;-79.998700816669995106;0.0
1376589003.0910000801;40.441805966670003158;-79.998700433330000692;0.0
1376589004.0910000801;40.441806133329997408;-79.998699999999999477;0.0
1376589005.0910000801;40.441806216670002527;-79.998699516670001231;0.0
1376589006.0910000801;40.441806149999997899;-79.998699166669993588;0.0
1376589007.0910000801;40.441805833330001008;-79.998698766670003124;0.0
1376589008.0910000801;40.441805416670000284;-79.998698266670004386;0.0
1376589009.0920000076;40.441805266670002084;-79.998697766670005649;0.0
1376589010.0920000076;40.441805133329999933;-79.998697133329997655;0.0
1376589011.0920000076;40.441804816670000378;-79.99869643332999658;0.0
1376589012.0920000076;40.441804483330002995;-79.998695733329995505;0.0
1376589013.0920000076;40.441804216670000471;-79.998695133330002704;0.0
1376589014.0920000076;40.441803866669999934;-79.998694650000004458;0.0
1376589015.0920000076;40.441803383329997246;-79.998694116669994969;0.0
1376589016.0920000076;40.441802799999997831;-79.998693766670001537;0.0
1376589017.0920000076;40.441803316669997059;-79.998696583330001886;0.0
1376589018.0920000076;40.441806350000000236;-79.998706949999998983;0.0
1376589019.0920000076;40.441812633330002313;-79.998722083329994348;0.0
1376589020.0920000076;40.441817466670002545;-79.998731016670006966;0.0
1376589021.0929999352;40.441817333330000395;-79.998731783330001122;0.0
1376589022.0929999352;40.441815983330002382;-79.998731316670003366;0.0
1376589023.0929999352;40.441815849999997567;-79.99873144999999397;0.0
1376589024.0929999352;40.441813016669996728;-79.998730666669999323;0.0
1376589025.0929999352;40.441815433329999507;-79.998731566670002735;0.0
1376589026.0929999352;40.44181844999999953;-79.99873596666999731;0.0
1376589027.0929999352;40.441823749999997517;-79.998747649999998544;0.0
1376589028.0929999352;40.44183075000000116;-79.998763466669998934;0.0
1376589029.0929999352;40.441835599999997442;-79.99877354999999568;0.0
1376589030.0929999352;40.441836366670003144;-79.998775233329993739;0.0
1376589031.0929999352;40.441836216669997839;-79.998774883330000307;0.0
1376589032.0929999352;40.441837633330003143;-79.998777683330004606;0.0
1376589033.0929999352;40.441837849999998866;-79.998783066670000608;0.0
1376589034.0940001011;40.44183891667000097;-79.998790266669999482;0.0
1376589035.0940001011;40.441840983330003212;-79.998800516670002025;0.0
1376589036.0940001011;40.441845200000003047;-79.998814483329994118;0.0
1376589037.0940001011;40.441850933330002249;-79.998833766670003342;0.0
1376589038.0940001011;40.441860183330000211;-79.998866183329994328;0.0
1376589083.0940001011;40.44077028332999646;-80.000442000000006715;0.0
1376589085.0940001011;40.440666316669997116;-80.000464100000002077;0.0
1376589089.0940001011;40.44046573333000083;-80.000629500000002281;0.0
1376589090.0940001011;40.440420716669997603;-80.000655600000001755;0.0
1376589091.0940001011;40.440381866670001898;-80.000682633330001181;0.0
1376589092.0940001011;40.440343233329997474;-80.0007054666699986;0.0
1376589093.0940001011;40.440311399999998798;-80.000727933329997654;0.0
1376589094.0940001011;40.440276300000000731;-80.000753666669993436;0.0
1376589095.0940001011;40.440220899999999915;-80.000781016670003964;0.0
1376589096.0940001011;40.440183050000001685;-80.000806233329996076;0.0
1376589097.0950000286;40.440136649999999463;-80.000833033329996624;0.0
1376589098.0950000286;40.440085183329998131;-80.000861866669993105;0.0
1376589099.0950000286;40.440030649999997081;-80.000897733330006645;0.0
1376589100.0950000286;40.439977833329997736;-80.000943750000004684;0.0
1376589101.0950000286;40.439911449999996762;-80.000974900000002776;0.0
1376589102.0950000286;40.439851566670000693;-80.001003199999999538;0.0
1376589105.0950000286;40.439739133330000698;-80.001113050000000726;0.0
1376589137.0950000286;40.438844366669997044;-79.99984290000000442;0.0
1376589138.0950000286;40.438845016670001087;-79.999839783330003229;0.0
1376589139.0950000286;40.43884581667000333;-79.999839083330002154;0.0
1376589140.0950000286;40.438845450000002302;-79.999838916670000799;0.0
1376589141.0950000286;40.438845183330002442;-79.999839100000002645;0.0
1376589142.0950000286;40.43884496666999695;-79.999839433329995586;0.0
1376589143.0950000286;40.438844066670000643;-79.999839600000001383;0.0
1376589144.0950000286;40.438846133330002885;-79.999780933330001176;0.0
1376589145.0950000286;40.438846983330002161;-79.999742783330006546;0.0
1376589146.0959999561;40.43884753332999793;-79.999717633329993305;0.0
1376589147.0959999561;40.438847983329999636;-79.999701016670002218;0.0
1376589148.0959999561;40.438848266669999987;-79.999690450000002784;0.0
1376589149.0959999561;40.438848450000001833;-79.99968358332999685;0.0
1376589150.0959999561;40.438848550000003002;-79.999679033329996969;0.0
1376589151.0959999561;40.438848483329998373;-79.999676249999993161;0.0
1376589152.0959999561;40.438848450000001833;-79.999674383330003025;0.0
1376589153.0959999561;40.438848550000003002;-79.999673066669998889;0.0
1376589154.0959999561;40.438848433330001342;-79.99967225000000326;0.0
1376589155.0959999561;40.438848016670000618;-79.999671599999999216;0.0
1376589156.0969998837;40.438847733330000267;-79.999671033330002956;0.0
1376589157.0969998837;40.43884738332999973;-79.999670566670005201;0.0
1376589158.0969998837;40.438846966669999006;-79.999670399999999404;0.0
1376589159.0969998837;40.438846683329998655;-79.999669966669998189;0.0
1376589160.0969998837;40.438846433329999286;-79.99966941667000242;0.0
1376589161.0969998837;40.438846150000003377;-79.9996688833300027;0.0
1376589162.0969998837;40.43884581667000333;-79.999668299999996179;0.0
1376589163.0969998837;40.438842183330002911;-79.999729983329999072;0.0
1376589164.0969998837;40.438838416670002118;-79.999765400000001137;0.0
1376589165.0969998837;40.438835666670001956;-79.999786816669995915;0.0
1376589166.0969998837;40.438833833330001255;-79.999801016670005538;0.0
1376589167.0969998837;40.438831316669997307;-79.999806433329993638;0.0
1376589168.0969998837;40.438826366669999857;-79.999798733329996026;0.0
1376589169.0969998837;40.438819600000002197;-79.999781850000005079;0.0
1376589170.0969998837;40.438810816669999326;-79.999762866669996697;0.0
1376589171.0969998837;40.438805383329999188;-79.999740700000003812;0.0
1376589172.0969998837;40.43880063332999697;-79.999710683329993799;0.0
1376589173.0969998837;40.438793016669997371;-79.999673083329994938;0.0
1376589174.0980000496;40.438780666669998709;-79.999635049999994862;0.0
1376589175.0980000496;40.438773433329998852;-79.999596016669997312;0.0
1376589176.0980000496;40.438778700000000299;-79.999553300000002309;0.0
1376589177.0980000496;40.438775599999999599;-79.99951658333000637;0.0
1376589186.0980000496;40.439092700000003333;-79.999302450000001841;0.0
1376589187.0980000496;40.439097383330000923;-79.999301650000006703;0.0
1376589188.0980000496;40.439106649999999377;-79.999314400000002934;0.0
1376589189.0980000496;40.439110316670003442;-79.999319200000002184;0.0
1376589190.0980000496;40.439113166669997668;-79.999322666669996806;0.0
1376589191.0980000496;40.439115683330001616;-79.999325833330004798;0.0
1376589192.0980000496;40.439216233330000705;-79.999262116669996203;0.0
1376589193.0980000496;40.4392770999999982;-79.999226116670001829;0.0
1376589194.0980000496;40.439212516669996944;-79.99928180000000566;0.0
1376589195.0989999771;40.439171283329997664;-79.999317616669998188;0.0
1376589196.0989999771;40.439144900000002281;-79.999340483330001916;0.0
1376589197.0989999771;40.439128133330001447;-79.999355149999999526;0.0
1376589198.0989999771;40.439117566669999349;-79.999364933329999872;0.0
1376589199.0989999771;40.439110833329998229;-79.999371249999995825;0.0
1376589200.0989999771;40.439106566669998699;-79.999374983330000077;0.0
1376589201.0989999771;40.439104066669997906;-79.999376900000001456;0.0
1376589202.0989999771;40.43909881666999695;-79.999350350000000276;0.0
1376589203.0989999771;40.439101166669999543;-79.999330349999993928;0.0
1376589204.0989999771;40.439113249999998345;-79.999310233329993025;0.0
1376589205.0989999771;40.439134533329998078;-79.999288383329997032;0.0
1376589206.0989999771;40.439159699999997599;-79.999267783329997883;0.0
1376589207.0989999771;40.439185766670000532;-79.999247783330005745;0.0
1376589208.0989999771;40.439214450000001477;-79.99922728333000066;0.0
1376589209.0999999046;40.439245416669997724;-79.999205466670005649;0.0
1376589210.0999999046;40.439273399999997594;-79.999185833330002993;0.0
1376589211.0999999046;40.439295950000001767;-79.999171599999996829;0.0
1376589212.0999999046;40.43932868332999675;-79.999103550000000951;0.0
1376589213.0999999046;40.439356433329997742;-79.999055066669995995;0.0
1376589217.0999999046;40.439437533330000463;-79.999036700000004885;0.0
1376589225.0999999046;40.439570766670001944;-79.999167616669993208;0.0
1376589226.0999999046;40.4395856166700014;-79.999169983330006062;0.0
1376589227.0999999046;40.439616666669998324;-79.999186383329998762;0.0
1376589228.0999999046;40.439631616669998948;-79.999191383330000349;0.0
1376589314.0969998837;40.439782283329996915;-79.997865583329996753;0.0
1376589315.0969998837;40.43986956666999788;-79.99779596666999737;0.0
1376589316.0969998837;40.439891899999999225;-79.997777999999996723;0.0
1376589317.0969998837;40.439900450000003218;-79.997771150000005491;0.0
1376589318.0969998837;40.439905883329998915;-79.997766983329995583;0.0
1376589319.0969998837;40.439911316669999053;-79.997762783330003344;0.0
1376589320.0980000496;40.439904050000002655;-79.997767249999995443;0.0
1376589321.0980000496;40.43992243332999692;-79.997752183329993159;0.0
1376589322.0980000496;40.439931749999999511;-79.997744183329999146;0.0
1376589323.0980000496;40.439937433330001681;-79.997739100000003987;0.0
1376589324.0980000496;40.439940866669999764;-79.997735849999997981;0.0
1376589325.0980000496;40.439942883329997869;-79.997734033330004877;0.0
1376589326.0980000496;40.439943816670002263;-79.997733183329998496;0.0
1376589327.0980000496;40.439944216669999832;-79.997732566669995435;0.0
1376589328.0980000496;40.439944633330000556;-79.997731950000002143;0.0
1376589329.0980000496;40.439944650000001047;-79.997731400000006374;0.0
1376589330.0980000496;40.439944583330003525;-79.997726616669993405;0.0
1376589331.0980000496;40.439938766669996539;-79.997711083330003135;0.0
1376589332.0980000496;40.439944750000002216;-79.997656783330000962;0.0
1376589333.0980000496;40.439940566670003363;-79.997602216670003372;0.0
1376589334.0950000286;40.43993118333000325;-79.997545033329998887;0.0
1376589335.0950000286;40.439924866669997527;-79.997480499999994663;0.0
1376589336.0850000381;40.439895916669996723;-79.997429383330000974;0.0
1376589373.0850000381;40.438890516669999897;-79.997221016669996629;0.0
1376589374.0850000381;40.438887716670002703;-79.997219099999995251;0.0
1376589375.0850000381;40.438885499999997819;-79.997217633329995579;0.0
1376589376.0850000381;40.438883983330001115;-79.997216716669996117;0.0
1376589377.0850000381;40.438882949999999994;-79.99721598332999406;0.0
1376589378.0850000381;40.438882249999998919;-79.997215199999999413;0.0
1376589379.0859999657;40.438876066669998011;-79.997211550000002944;0.0
1376589380.0859999657;40.438885849999998356;-79.997197566669996149;0.0
1376589381.0859999657;40.438887049999998169;-79.997187400000001389;0.0
1376589382.0859999657;40.438887566669997398;-79.997180716670001743;0.0
1376589383.0859999657;40.438886933329996509;-79.99717583333000448;0.0
1376589384.0859999657;40.438886216669999385;-79.997172383329996137;0.0
1376589385.0859999657;40.438885083329999759;-79.997170033329993544;0.0
1376589386.0859999657;40.43888328333000004;-79.997171616670001981;0.0
1376589387.0859999657;40.438879683330000603;-79.997171699999995553;0.0
1376589388.0859999657;40.438875266670002873;-79.997172833329997843;0.0
1376589389.0859999657;40.438868366670000398;-79.997177916669997444;0.0
1376589411.0869998932;40.438177150000001348;-79.998105583330001878;0.0
1376589412.0869998932;40.438178016670001114;-79.998106050000004075;0.0
1376589413.0869998932;40.438178416669998683;-79.998106666669997367;0.0
1376589414.0869998932;40.438178550000003497;-79.998106966669993767;0.0
1376589415.0869998932;40.438178666669998051;-79.998094683329995291;0.0
1376589416.0869998932;40.43817891666999742;-79.99808360000000107;0.0
1376589417.0869998932;40.438179333329998144;-79.998073283330001004;0.0
1376589418.0869998932;40.438179616669998495;-79.998063999999999396;0.0
1376589419.0869998932;40.438179683329998682;-79.998033716669993964;0.0
1376589420.0869998932;40.438179733330002819;-79.998013683330000845;0.0
1376589421.0880000591;40.43817978332999985;-79.998000216669993279;0.0
1376589422.0880000591;40.438179800000000341;-79.997991083330006745;0.0
1376589423.0880000591;40.438179966669999033;-79.997984950000002868;0.0
1376589424.0880000591;40.438180133330000388;-79.997980716669999879;0.0
1376589425.0880000591;40.438180183329997419;-79.997977783330000534;0.0
1376589426.0880000591;40.438180183329997419;-79.997975233329995604;0.0
1376589427.0880000591;40.438180116669997233;-79.997973049999998807;0.0
1376589428.0880000591;40.43818001667000317;-79.997971000000006825;0.0
1376589429.0880000591;40.438179866669997864;-79.997968883330003109;0.0
1376589430.0880000591;40.438179616669998495;-79.997966750000003344;0.0
1376589431.0880000591;40.438179349999998635;-79.997964883329998997;0.0
1376589432.0889999866;40.438178933330000575;-79.997963049999995633;0.0
1376589433.0889999866;40.43817861667000102;-79.997961050000000682;0.0
1376589434.0889999866;40.43817849999999936;-79.997959449999996195;0.0
1376589435.0889999866;40.43817835000000116;-79.99795788333000246;0.0
1376589436.0889999866;40.438178266670000482;-79.997956049999999095;0.0
1376589437.0889999866;40.438178166669999314;-79.997954699999993977;0.0
1376589438.0889999866;40.438178366670001651;-79.997950033329999542;0.0
1376589439.0889999866;40.438178333330000669;-79.997946933329998842;0.0
1376589440.0889999866;40.438178166669999314;-79.997945299999997815;0.0
1376589441.0889999866;40.438175233329999969;-79.997945466670003611;0.0
1376589442.0889999866;40.438164950000000886;-79.997950716670004567;0.0
1376589460.0889999866;40.437509433329999808;-79.998177233329997193;0.0
1376589461.0889999866;40.43749183333000019;-79.998185966669993263;0.0
1376589462.0889999866;40.437477199999996458;-79.998192516670002306;0.0
1376589463.0899999142;40.437462683329997049;-79.998201800000003914;0.0
1376589464.0899999142;40.437444766669997875;-79.998214066670001898;0.0
1376589465.0899999142;40.43742201666999847;-79.998230566670002872;0.0
1376589466.0899999142;40.437390899999996918;-79.998253833329997065;0.0
1376589467.0899999142;40.437351766669998199;-79.998282566669999483;0.0
1376589468.0899999142;40.437306100000000697;-79.99831414999999879;0.0
1376589469.0899999142;40.437260033329998521;-79.998344299999999407;0.0
1376589470.0899999142;40.437215233330000785;-79.998375583330002314;0.0
1376589471.0899999142;40.437175183329998163;-79.998394983330001651;0.0
1376589472.0899999142;40.437179249999999797;-79.998370499999992944;0.0
1376589473.0899999142;40.437159883329997001;-79.998364699999996219;0.0
1376589474.0899999142;40.437141483330002245;-79.998372483330001614;0.0
1376589475.0899999142;40.437124933329997134;-79.998396400000004292;0.0
1376589476.0899999142;40.437118383330002303;-79.99843563333000418;0.0
1376589477.0899999142;40.437136750000000518;-79.998490016670004366;0.0
1376589478.0910000801;40.437171283330002325;-79.998549516669996251;0.0
1376589479.0910000801;40.437208683329998848;-79.998614716670005009;0.0
1376589480.0910000801;40.437244416669997804;-79.998683233329998643;0.0
1376589481.0910000801;40.437277549999997461;-79.998752916669999991;0.0
1376589482.0910000801;40.437308199999996816;-79.998823916670005474;0.0
1376589483.0910000801;40.437337083330000098;-79.998893683329995952;0.0
1376589484.0910000801;40.437364449999996907;-79.998954866670004549;0.0
1376589485.0910000801;40.437396933329999626;-79.999018849999998793;0.0
1376589486.0910000801;40.437418066669998495;-79.999065233330000524;0.0
1376589487.0920000076;40.437437383329999818;-79.999104883330005578;0.0
1376589488.0920000076;40.437442483330002574;-79.999129616670003884;0.0
1376589489.0920000076;40.437446250000000703;-79.999145433329999832;0.0
1376589490.0920000076;40.437441433330000962;-79.999149916670006633;0.0
1376589491.0920000076;40.437437350000003278;-79.999149133329993333;0.0
1376589492.0920000076;40.437436166669996851;-79.999147916669997471;0.0
1376589493.0920000076;40.437435783330002437;-79.999146699999997168;0.0
1376589494.0920000076;40.4374357333299983;-79.999145833330004507;0.0
1376589495.0920000076;40.437436099999999328;-79.999145400000003292;0.0
1376589496.0920000076;40.437436550000001034;-79.999144933330001095;0.0
1376589497.0920000076;40.437436983330002249;-79.999144549999996912;0.0
1376589498.0929999352;40.437437299999999141;-79.999144116669995697;0.0
1376589499.0929999352;40.437437566669999001;-79.999143733330001282;0.0
1376589500.0929999352;40.437437833330001524;-79.999143616669996959;0.0
1376589501.0929999352;40.437438033329996756;-79.999143516670002896;0.0
1376589502.0929999352;40.437438133329997925;-79.999143616669996959;0.0
1376589503.0929999352;40.437438116670001875;-79.999143849999995837;0.0
1376589504.0929999352;40.437438116670001875;-79.999143833329995346;0.0
1376589505.0929999352;40.437438166669998907;-79.999143733330001282;0.0
1376589506.0929999352;40.437438100000001384;-79.999143733330001282;0.0
1376589507.0929999352;40.437438016670000707;-79.999143633329993008;0.0
1376589508.0940001011;40.437438049999997247;-79.999143483330001914;0.0
1376589509.0940001011;40.437438083330000893;-79.999143316670000559;0.0
1376589510.0940001011;40.437437950000003184;-79.999143316670000559;0.0
1376589511.0940001011;40.43743769999999671;-79.99914336666999759;0.0
1376589512.0940001011;40.437437600000002647;-79.999143266670003527;0.0
1376589513.0940001011;40.437437500000001478;-79.999143316670000559;0.0
1376589514.0940001011;40.43743769999999671;-79.999144566669997403;0.0
1376589515.0940001011;40.437440866670002038;-79.999153533330002119;0.0
1376589516.0940001011;40.437450016669998831;-79.999178233329999443;0.0
1376589517.0940001011;40.437465033329999642;-79.999222549999998932;0.0
1376589518.0940001011;40.437483533330002672;-79.999280416670004001;0.0
1376589519.0950000286;40.437505500000000325;-79.999344883329996492;0.0
1376589520.0950000286;40.437538650000000473;-79.99941603332999307;0.0
1376589521.0950000286;40.437571066670003006;-79.999489383330001147;0.0
1376589522.0950000286;40.43760199999999827;-79.99956378333000373;0.0
1376589523.0950000286;40.437631166670001903;-79.99963606667000704;0.0
1376589524.0950000286;40.437658200000001329;-79.999703783330005535;0.0
1376589525.0950000286;40.437682299999998747;-79.999765650000000505;0.0
1376589526.0950000286;40.437703466670001262;-79.999819950000002677;0.0
1376589527.0950000286;40.43772094999999922;-79.999866716669998823;0.0
1376589528.0950000286;40.437735983330000522;-79.999905883330001188;0.0
1376589529.0950000286;40.437748650000003181;-79.999938233329999093;0.0
1376589530.0950000286;40.437758683330002896;-79.999964050000002658;0.0
1376589531.0950000286;40.437767149999999106;-79.999984799999992902;0.0
1376589532.0950000286;40.437774383330001626;-80.000002366670003084;0.0
1376589533.0950000286;40.43778028332999952;-80.000016849999994406;0.0
1376589534.0950000286;40.437780516670002839;-80.00002318333000062;0.0
1376589535.0950000286;40.437778983329998539;-80.000023466670000971;0.0
1376589536.0950000286;40.43777741667000214;-80.000022150000006604;0.0
1376589537.0959999561;40.437776666669996928;-80.000022066669998821;0.0
1376589538.0959999561;40.437776233329998377;-80.000022150000006604;0.0
1376589539.0959999561;40.437778533329996833;-80.000029083330005619;0.0
1376589540.0959999561;40.437786049999999705;-80.00004859999999951;0.0
1376589541.0959999561;40.437800699999996823;-80.000074616670005412;0.0
1376589542.0959999561;40.437823816669997257;-80.000097800000006032;0.0
1376589543.0959999561;40.437853516670003273;-80.000111116669998523;0.0
1376589544.0959999561;40.437887666670000897;-80.000108516669996561;0.0
1376589545.0959999561;40.437923916670001745;-80.00009070000000122;0.0
1376589546.0959999561;40.437963150000001633;-80.000067033329997912;0.0
1376589547.0959999561;40.438005383330001052;-80.000043083329998694;0.0
1376589548.0959999561;40.438047666670001945;-80.000015149999995856;0.0
1376589549.0959999561;40.438091816670002743;-79.999984133330002578;0.0
1376589550.0959999561;40.438134349999998562;-79.999956033329993943;0.0
1376589551.0959999561;40.438173133329996745;-79.999930166669997789;0.0
1376589552.0959999561;40.438212883330002967;-79.999874599999998281;0.0
1376589580.0959999561;40.439090816670002937;-79.999304916669998988;0.0
1376589581.0959999561;40.439096300000002771;-79.999302883330003056;0.0
1376589582.0940001011;40.439098316669998212;-79.999302450000001841;0.0
1376589583.0940001011;40.439098733329998936;-79.999302833330006024;0.0
1376589584.0940001011;40.43909940000000347;-79.999302916670004038;0.0
1376589585.0940001011;40.43910009999999744;-79.999302966670001069;0.0
1376589586.0940001011;40.439104566669996643;-79.999298883329998944;0.0
1376589587.0940001011;40.439107766669998512;-79.999296466670003269;0.0
1376589588.0940001011;40.439109966670002905;-79.999295133329994201;0.0
1376589589.0940001011;40.439064733329999513;-79.999125966669993204;0.0
1376589590.0950000286;40.439035199999999293;-79.999016666670001996;0.0
1376589591.0950000286;40.43901633333000234;-79.998946466670005861;0.0
1376589592.0950000286;40.439004150000002369;-79.998900783330000763;0.0
1376589593.0950000286;40.438995716670000036;-79.998870616670004097;0.0
1376589594.0950000286;40.438989566670002773;-79.998850316670001348;0.0
1376589595.0950000286;40.438985216669998124;-79.998836466669999368;0.0
1376589596.0950000286;40.438982083330003547;-79.998827000000005683;0.0
1376589597.0950000286;40.438979816669998968;-79.99882015000000024;0.0
1376589598.0950000286;40.439083750000001771;-79.99889873332999457;0.0
1376589599.0950000286;40.439150400000002605;-79.998948983329995599;0.0
1376589600.0950000286;40.439193166670001744;-79.998981333329993504;0.0
1376589601.0950000286;40.439220416669996894;-79.999001683329993284;0.0
1376589602.0950000286;40.439237616669998943;-79.999014433330003726;0.0
1376589603.0950000286;40.439248450000000901;-79.999022633330000076;0.0
1376589604.0950000286;40.439255183329997578;-79.999028649999999629;0.0
1376589605.0959999561;40.439259350000000381;-79.999032216670002526;0.0
1376589606.0959999561;40.439261999999999375;-79.999034533330004137;0.0
1376589607.0959999561;40.439263500000002693;-79.99903573333000395;0.0
1376589608.0959999561;40.439264316669998323;-79.999036133329994414;0.0
1376589609.0959999561;40.439264899999997738;-79.999036116669998364;0.0
1376589610.0959999561;40.439265133329996615;-79.999035883329995045;0.0
1376589611.0959999561;40.439265266669998766;-79.999035233330005212;0.0
1376589612.0959999561;40.439265499999997644;-79.999034466669996846;0.0
1376589613.0959999561;40.439265733329996522;-79.999033499999995911;0.0
1376589614.0959999561;40.439263750000002062;-79.999041233330004275;0.0
1376589615.0959999561;40.439262249999998744;-79.99904616666999857;0.0
1376589616.0959999561;40.439261216669997623;-79.99904899999999941;0.0
1376589617.0959999561;40.439260433329998534;-79.999050333330004037;0.0
1376589618.0959999561;40.439260033330000965;-79.999050883329999806;0.0
1376589619.0959999561;40.439263233330002834;-79.999050783330005743;0.0
1376589620.0959999561;40.43927033333000054;-79.99904593332999525;0.0
1376589621.0959999561;40.43928418333000252;-79.999027116670006876;0.0
1376589622.0959999561;40.439304716670001483;-79.999014366669996434;0.0
1376589623.0969998837;40.439335366670000838;-79.998994899999999575;0.0
1376589624.0969998837;40.439372233329997641;-79.998973166669998136;0.0
1376589625.0969998837;40.439411100000000943;-79.998950216669996394;0.0
1376589631.0969998837;40.439533416670002453;-79.999011766669994472;0.0
1376589632.0969998837;40.439553783329998282;-79.999003950000002305;0.0
1376589633.0950000286;40.439575433329999044;-79.999010799999993537;0.0
1376589636.0950000286;40.439640533329999528;-79.999127166669993017;0.0
1376589637.0950000286;40.439657633330000408;-79.99919309999999939;0.0
1376589638.0950000286;40.439676783330000376;-79.999261133329994777;0.0
1376589639.0950000286;40.439695066669997914;-79.999326516669995613;0.0
1376589640.0950000286;40.439716783329998862;-79.999393900000001167;0.0
1376589641.0950000286;40.439703350000002047;-79.999500733329995228;0.0
1376589642.0950000286;40.439701833329998237;-79.999591499999993971;0.0
1376589643.0950000286;40.439705783329998212;-79.999661399999993705;0.0
1376589644.0950000286;40.439709533330002955;-79.999706766670001912;0.0
1376589645.0950000286;40.439711350000003165;-79.999734500000002413;0.0
1376589646.0950000286;40.439706200000003378;-79.999764799999994125;0.0
1376589647.0880000591;40.439703583330000924;-79.999800983330004556;0.0
1376589648.0880000591;40.439706299999997441;-79.999839266669994231;0.0
1376589649.0880000591;40.439711116669997182;-79.999873100000002069;0.0
1376589650.0880000591;40.43972376666999935;-79.999899883330002126;0.0
1376589651.0880000591;40.439736500000002195;-79.999929216669997345;0.0
1376589652.0880000591;40.439749749999997164;-79.999961166670004786;0.0
1376589653.0880000591;40.439765833330000078;-80.000001166670003272;0.0
1376589654.0880000591;40.439783433329999696;-80.00005199999999661;0.0
1376589655.0880000591;40.439802299999996649;-80.00011496666999733;0.0
1376589656.0880000591;40.439820983330001525;-80.000188649999998347;0.0
1376589658.0880000591;40.43986911667000328;-80.000325816669999313;0.0
1376589659.0880000591;40.439886350000001869;-80.000374600000000669;0.0
1376589660.0880000591;40.439901499999997725;-80.000410049999999273;0.0
1376589661.0880000591;40.439916850000003024;-80.000449916669992945;0.0
1376589662.0880000591;40.439932533330001263;-80.000495783329995447;0.0
1376589663.0880000591;40.439952249999997491;-80.000543183329995145;0.0
1376589664.0880000591;40.439970416670000475;-80.000592116670006249;0.0
1376589665.0889999866;40.439986099999998714;-80.000634649999994963;0.0
1376589666.0889999866;40.439997949999998639;-80.00066705000000411;0.0
1376589667.0889999866;40.440011633330001928;-80.000686650000005784;0.0
1376589668.0889999866;40.440020400000001644;-80.000699100000005615;0.0
1376589669.0889999866;40.440025033330002202;-80.000704566669995188;0.0
1376589670.0889999866;40.440027366670001641;-80.000705233329995281;0.0
1376589671.0889999866;40.440028200000000425;-80.000704049999995959;0.0
1376589672.0889999866;40.44002893332999804;-80.000703299999997853;0.0
1376589673.0889999866;40.440029633329999115;-80.000702633329993319;0.0
1376589674.0899999142;40.440096016669997425;-80.000612633329993173;0.0
1376589675.0899999142;40.440138516669996704;-80.000554850000000329;0.0
1376589676.0899999142;40.440165833329999145;-80.0005175999999949;0.0
1376589677.0899999142;40.440183500000003392;-80.000493399999996313;0.0
1376589678.0899999142;40.440194983330002287;-80.000478349999994521;0.0
1376589679.0899999142;40.440204816669997001;-80.000476100000000201;0.0
1376589680.0899999142;40.440211033330001555;-80.000498466669995423;0.0
1376589681.0899999142;40.440218716670003118;-80.000521733330003826;0.0
1376589682.0899999142;40.440225633330001642;-80.000542566670006295;0.0
1376589683.0910000801;40.440230849999998952;-80.000559499999994273;0.0
1376589684.0910000801;40.440235116670002924;-80.000571533330003149;0.0
1376589685.0910000801;40.440238399999998364;-80.000582433329995524;0.0
1376589686.0910000801;40.440240649999999789;-80.000598299999992946;0.0
1376589687.0910000801;40.440239166669996962;-80.000620949999998288;0.0
1376589688.0910000801;40.440226000000002671;-80.000647299999997131;0.0
1376589689.0910000801;40.440197666670002263;-80.000673566670002401;0.0
1376589690.0920000076;40.440156649999998706;-80.000696266670004775;0.0
1376589691.0920000076;40.440093633330000955;-80.000688350000004334;0.0
1376589692.0920000076;40.440029649999999606;-80.000699716669998907;0.0
1376589693.0920000076;40.439964699999997322;-80.000724216669993893;0.0
1376589694.0920000076;40.439899933329996884;-80.000757383329997197;0.0
1376589695.0920000076;40.439837466669999344;-80.000785316670004477;0.0
1376589696.0920000076;40.439796166669999877;-80.000850583330006316;0.0
1376589697.0920000076;40.439742766670001117;-80.000869416669999623;0.0
1376589743.0880000591;40.439036799999996674;-79.999546683329995744;0.0
1376589744.0880000591;40.439005399999999213;-79.999461283330006722;0.0
1376589746.0880000591;40.438895449999996856;-79.999340750000001776;0.0
1376589752.0880000591;40.438859200000003113;-79.998704066670001112;0.0
1376589785.0880000591;40.438606783330001804;-79.99886168333000569;0.0
1376589805.0889999866;40.438603383329997598;-79.997935466670000437;0.0
1376589806.0889999866;40.438602416670001105;-79.997934833330006654;0.0
1376589807.0889999866;40.438516450000001612;-79.997870383329996002;0.0
1376589808.0889999866;40.438484633329998985;-79.997846949999996014;0.0
1376589809.0889999866;40.438462383329998318;-79.997830750000005651;0.0
1376589810.0889999866;40.438442250000001366;-79.997816416670005424;0.0
1376589811.0889999866;40.438377350000003219;-79.997769266670005095;0.0
1376589812.0889999866;40.438336033330003261;-79.997738766669996835;0.0
1376589813.0889999866;40.438309850000003109;-79.997719333329996516;0.0
1376589814.0899999142;40.438293283329997507;-79.997707449999992946;0.0
1376589815.0899999142;40.438282533330003332;-79.997700150000000008;0.0
1376589816.0899999142;40.438275750000002517;-79.997695949999993559;0.0
1376589817.0899999142;40.438271450000002005;-79.997693333330005316;0.0
1376589818.0899999142;40.438268716670002334;-79.997691799999998352;0.0
1376589819.0899999142;40.438267066670000816;-79.997691000000003214;0.0
1376589820.0899999142;40.43826606667000334;-79.997690750000003845;0.0
1376589821.0899999142;40.438265466670003434;-79.997690800000000877;0.0
1376589822.0899999142;40.43826506666999876;-79.997690816670001368;0.0
1376589823.0899999142;40.438264866670003528;-79.997690849999997909;0.0
1376589824.0910000801;40.438264666670001191;-79.99769089999999494;0.0
1376589825.0910000801;40.438264549999999531;-79.997691033329999755;0.0
1376589826.0910000801;40.438264416670001822;-79.997691133329993818;0.0
1376589827.0910000801;40.438263999999996656;-79.997690950000006183;0.0
1376589828.0910000801;40.438263766669997779;-79.997690916669995431;0.0
1376589829.0910000801;40.438263616669999578;-79.997691283329999123;0.0
1376589830.0910000801;40.438263316670003178;-79.997691050000000246;0.0
1376589831.0910000801;40.438263016669999672;-79.997690783330000386;0.0
1376589832.0910000801;40.438262766670000303;-79.997690950000006183;0.0
1376589833.0910000801;40.438262566669997966;-79.9976908666699984;0.0
1376589834.0910000801;40.438262383329998784;-79.99769063332999508;0.0
1376589835.0920000076;40.438262216669997429;-79.997690683330006323;0.0
1376589836.0920000076;40.438262166670000397;-79.9976908666699984;0.0
1376589837.0920000076;40.438261983330001215;-79.997691099999997277;0.0
1376589838.0920000076;40.438261683329997709;-79.997691200000005551;0.0
1376589839.0920000076;40.438261533329999509;-79.997691083329996786;0.0
1376589840.0920000076;40.438261349999997663;-79.997691066670000737;0.0
1376589841.0920000076;40.438261116669998785;-79.997690950000006183;0.0
1376589842.0920000076;40.438260666669997079;-79.997690666669996062;0.0
1376589843.0920000076;40.438260333329999696;-79.997690449999993234;0.0
1376589844.0920000076;40.43826014999999785;-79.997690266670005599;0.0
1376589845.0929999352;40.438259916669998972;-79.997690149999996834;0.0
1376589846.0929999352;40.438259616670002572;-79.997690149999996834;0.0
1376589847.0929999352;40.438259383329999253;-79.997690233330004617;0.0
1376589848.0929999352;40.438259066669999697;-79.997690133329996343;0.0
1376589849.0929999352;40.438258933329997546;-79.997690233330004617;0.0
1376589850.0929999352;40.438258799999999837;-79.997690416669996694;0.0
1376589851.0929999352;40.438258583329997009;-79.997690666669996062;0.0
1376589852.0929999352;40.438258316670001591;-79.997690833329997417;0.0
1376589853.0929999352;40.438257866669999885;-79.997690816670001368;0.0
1376589854.0929999352;40.438257350000000656;-79.997690550000001508;0.0
1376589855.0929999352;40.43825701667000061;-79.997690433330006954;0.0
1376589856.0940001011;40.43825689999999895;-79.997690433330006954;0.0
1376589857.0940001011;40.438256799999997781;-79.997690366669999662;0.0
1376589858.0940001011;40.438256666670000072;-79.997690349999999171;0.0
1376589859.0940001011;40.438254916669997385;-79.997686533329996905;0.0
1376589860.0940001011;40.438248616670001923;-79.997670616670006893;0.0
1376589861.0940001011;40.438239016670003423;-79.997644100000002254;0.0
1376589862.0940001011;40.438226916669997024;-79.997611016670006734;0.0
1376589863.0940001011;40.43821410000000327;-79.997575666670002192;0.0
1376589864.0940001011;40.438192766669999401;-79.997571666669998081;0.0
1376589865.0940001011;40.438159533330001238;-79.997599100000002181;0.0
1376589866.0950000286;40.438144700000002274;-79.99759396666999578;0.0
1376589867.0950000286;40.438142766669997741;-79.997562233330000936;0.0
1376589868.0950000286;40.438158216669997103;-79.997510516670004677;0.0
1376589881.0950000286;40.438615616669999042;-79.996962033330007102;0.0
1376589884.0950000286;40.43860765000000157;-79.997101616669993973;0.0
1376589886.0950000286;40.438605383329999654;-79.997134700000003704;0.0
1376589887.0950000286;40.438613050000000726;-79.997128033330000108;0.0
1376589888.0950000286;40.438618633330001728;-79.997123966670002915;0.0
1376589889.0950000286;40.438623566670003129;-79.997120499999994081;0.0
1376589890.0950000286;40.438639649999998937;-79.997108233329996096;0.0
1376589891.0950000286;40.43865004999999968;-79.997100900000006618;0.0
1376589892.0950000286;40.438656716670003277;-79.997096549999994863;0.0
1376589893.0950000286;40.438661066670000821;-79.997094316670001035;0.0
1376589894.0959999561;40.438664000000002829;-79.997093233330005546;0.0
1376589895.0959999561;40.438665950000000748;-79.997092249999994351;0.0
1376589896.0959999561;40.438667299999998761;-79.997091366670005641;0.0
1376589897.0959999561;40.438668433330001051;-79.997090850000006412;0.0
1376589898.0959999561;40.43866909999999848;-79.997090099999994095;0.0
1376589899.0959999561;40.438669333329997357;-79.997089283329998466;0.0
1376589900.0959999561;40.438669283330000326;-79.997088633329994423;0.0
1376589901.0959999561;40.438668966670000771;-79.99708798333000459;0.0
1376589902.0959999561;40.438668483329998082;-79.997087550000003375;0.0
1376589903.0959999561;40.438668066669997359;-79.997087316670004498;0.0
1376589904.0959999561;40.43866766666999979;-79.997087199999995732;0.0
1376589905.0959999561;40.438667266670002221;-79.997086966669996855;0.0
1376589906.0959999561;40.438666916670001683;-79.997086433329997135;0.0
1376589907.0969998837;40.438666666670002314;-79.997085900000001857;0.0
1376589908.0969998837;40.438666566670001146;-79.997085350000006088;0.0
1376589909.0969998837;40.438666416670002945;-79.99708456666999723;0.0
1376589910.0969998837;40.438666283330000795;-79.997083883330006415;0.0
1376589911.0969998837;40.438666066670002408;-79.997083366669997417;0.0
1376589912.0969998837;40.43866573332999792;-79.997083066670001017;0.0
1376589913.0969998837;40.438667966670003295;-79.99708093332999681;0.0
1376589914.0969998837;40.438678783329997657;-79.997072616669996137;0.0
1376589915.0969998837;40.438870950000001869;-79.997194033330004004;0.0
1376589933.0880000591;40.438682116670001676;-79.995648083329996325;0.0
1376589934.0859999657;40.438645016670001553;-79.995659066670000925;0.0
1376589935.0859999657;40.438592900000003283;-79.995682500000000914;0.0
